0
1
2
3
4
5
6
107
208
209
210
211
212
213
214
215
316
317
318
319
320
321
422
523
624
725
826
926
1026
1027
1028
1029
1030
1031
1032
1033
1034
1035
1036
1037
1038
1039
1040
1041
1042
1043
1143
1243
1242
1241
1240
1239
1238
1237
1236
1235
1234
1233
1232
1231
1230
1229
1228
1227
1226
1225
1224
1223
1222
1221
1220
1219
1218
1317
1416
1515
1614
1713
1812
1911
2011
2111
2211
2311
2411
2512
2513
2514
2515
2516
2517
2518
2519
2520
2521
2522
2523
2524
2525
2526
2527
2528
2529
2530
2531
2532
2633
2734
2835
2936
3037
3138
3239
3340
3441
3542
3643
3744
3845
3946
4047
4148
4249
4350
4451
4552
4653
4754
4855
4956
4957
4958
4959
4960
4961
4962
4963
4964
4965
4966
4967
4968
4868
4768
4767
4766
4765
4764
4763
4762
4761
4760
4759
4758
4657
4558
4559
4560
4561
4562
4563
4564
4465
4364
4363
4262
4161
4160
4159
4158
4057
3958
3959
3960
3961
3962
3963
3964
3965
3966
4067
4167
4267
4368
4369
4370
4371
4372
4373
4374
4375
4376
4277
4178
4079
3980
3879
3878
3877
3876
3875
3874
3773
3772
3771
3770
3769
3768
3767
3766
3765
3764
3663
